1 1 2
6 6 4
15 15 11
28 28 19
45 45 21
66 66 62
91 91 67
120 120 92
153 153 101
190 190 135
231 231 132
276 276 179
325 325 215
378 378 180
435 435 203
496 496 314
561 561 335
630 630 376
703 703 378
780 780 399
861 861 537
946 946 472
1035 1035 469
1128 1128 548
1225 1225 564
1326 1326 804
1431 1431 618
1540 1540 865
1653 1653 911
1770 1770 924
1891 1891 1027
2016 2016 1019
2145 2145 1180
2278 2278 1063
2415 2415 1512
2556 2556 1249
2701 2701 1453
2850 2850 1413
3003 3003 1692
3160 3160 1612
3321 3321 1836
3486 3486 1783
3655 3655 2079
3828 3828 1977
4005 4005 2030
4186 4186 2392
4371 4371 2358
4560 4560 2729
4753 4753 2604
4950 4950 2463
5151 5151 2672
5356 5356 2817
5565 5565 2947
5778 5778 2994
5995 5995 3133
6216 6216 3750
6441 6441 3300
6670 6670 3566
6903 6903 3702
7140 7140 3695
7381 7381 4167
7626 7626 4001
7875 7875 4215
8128 8128 4343
8385 8385 4252
8646 8646 4247
8911 8911 4444
9180 9180 4888
9453 9453 4653
9730 9730 5112
10011 10011 4993
10296 10296 5312
10585 10585 5187
10878 10878 5829
11175 11175 5274
11476 11476 5768
11781 11781 6148
12090 12090 5963
12403 12403 6461
12720 12720 6097
13041 13041 6419
13366 13366 6989
13695 13695 6783
14028 14028 6723
14365 14365 7070
14706 14706 7742
15051 15051 8348
15400 15400 8291
15753 15753 8245
16110 16110 8763
16471 16471 8578
16836 16836 8722
17205 17205 8252
17578 17578 9247
17955 17955 8591
18336 18336 8955
18721 18721 9567
19110 19110 9994
19503 19503 10138
19900 19900 9749
20301 20301 10441
20706 20706 9826
21115 21115 11437
21528 21528 11977
21945 21945 11129
22366 22366 11536
22791 22791 11628
23220 23220 11559
23653 23653 12054
24090 24090 11968
24531 24531 12482
24976 24976 13301
25425 25425 11713
25878 25878 13893
26335 26335 12980
26796 26796 13455
27261 27261 14388
27730 27730 13943
28203 28203 12454
28680 28680 13548
29161 29161 15687
29646 29646 15377
30135 30135 15491
30628 30628 15722
31125 31125 17580
31626 31626 15135
32131 32131 16662
32640 32640 16996
33153 33153 16306
33670 33670 16950
34191 34191 17715
34716 34716 16843
35245 35245 17101
35778 35778 18395
36315 36315 19367
36856 36856 19919
37401 37401 17545
37950 37950 18801
38503 38503 19453
39060 39060 18938
39621 39621 19372
40186 40186 21748
40755 40755 20034
41328 41328 21491
41905 41905 21659
42486 42486 23252
43071 43071 22858
43660 43660 21210
44253 44253 20620
44850 44850 22762
45451 45451 22493
46056 46056 22501
46665 46665 22617
47278 47278 24575
47895 47895 24452
48516 48516 25630
49141 49141 25889
49770 49770 25656
50403 50403 25077
51040 51040 27387
51681 51681 26112
52326 52326 25803
52975 52975 27876
53628 53628 27434
54285 54285 27411
54946 54946 27580
55611 55611 28532
56280 56280 27289
56953 56953 29538
57630 57630 30557
58311 58311 27943
58996 58996 27793
59685 59685 30216
60378 60378 31126
61075 61075 31519
61776 61776 31158
62481 62481 31137
63190 63190 33046
63903 63903 31147
64620 64620 32243
65341 65341 32392
66066 66066 34361
66795 66795 33494
67528 67528 33475
68265 68265 36246
69006 69006 37171
69751 69751 37812
70500 70500 36282
71253 71253 32302
72010 72010 35578
72771 72771 39706
73536 73536 34724
74305 74305 37381
75078 75078 38118
75855 75855 39965
76636 76636 38901
77421 77421 39622
78210 78210 40931
79003 79003 40648
79800 79800 39860
80601 80601 40174
81406 81406 39674
82215 82215 40208
83028 83028 43287
83845 83845 43923
84666 84666 41830
85491 85491 40856
86320 86320 42188
87153 87153 47641
87990 87990 45617
88831 88831 45707
89676 89676 45139
90525 90525 45092
91378 91378 45648
92235 92235 45617
93096 93096 45527
93961 93961 47371
94830 94830 48525
95703 95703 48359
96580 96580 49568
97461 97461 47931
98346 98346 49110
99235 99235 50318
100128 100128 50556
101025 101025 48879
101926 101926 53225
102831 102831 54750
103740 103740 51664
104653 104653 53005
105570 105570 54384
106491 106491 51830
107416 107416 52821
108345 108345 53513
109278 109278 51224
110215 110215 56216
111156 111156 55652
112101 112101 55842
113050 113050 58032
114003 114003 55254
114960 114960 57425
115921 115921 59078
116886 116886 55438
117855 117855 60369
118828 118828 60211
119805 119805 60002
120786 120786 62139
121771 121771 61256
122760 122760 62759
123753 123753 60212
124750 124750 63873
125751 125751 67137
126756 126756 64633
127765 127765 66408
128778 128778 67959
129795 129795 63180
130816 130816 66406
131841 131841 66222
132870 132870 67451
133903 133903 67869
134940 134940 64963
135981 135981 65253
137026 137026 70657
138075 138075 70804
139128 139128 70466
140185 140185 68155
141246 141246 71160
142311 142311 74840
143380 143380 72204
144453 144453 72537
145530 145530 72276
146611 146611 73005
147696 147696 72894
148785 148785 74065
149878 149878 74117
150975 150975 75989
152076 152076 79403
153181 153181 78976
154290 154290 78251
155403 155403 77735
156520 156520 80605
157641 157641 78530
158766 158766 79570
159895 159895 82595
161028 161028 82394
162165 162165 81503
163306 163306 85191
164451 164451 80025
165600 165600 89618
166753 166753 80032
167910 167910 83405
169071 169071 83526
170236 170236 85352
171405 171405 87205
172578 172578 87845
173755 173755 88181
174936 174936 87336
176121 176121 88552
177310 177310 87089
178503 178503 92621
179700 179700 91762
180901 180901 89258
182106 182106 87753
183315 183315 91573
184528 184528 92433
185745 185745 92977
186966 186966 93831
188191 188191 93368
189420 189420 90924
190653 190653 99683
191890 191890 92268
193131 193131 94334
194376 194376 99001
195625 195625 100487
196878 196878 100865
198135 198135 99085
199396 199396 104945
200661 200661 98024
201930 201930 102831
203203 203203 104874
204480 204480 104149
205761 205761 106124
207046 207046 107959
208335 208335 105535
209628 209628 108034
210925 210925 107303
212226 212226 101734
213531 213531 111950
214840 214840 104132
216153 216153 111145
217470 217470 112759
218791 218791 106942
220116 220116 106423
221445 221445 109904
222778 222778 110785
224115 224115 118608
225456 225456 112053
226801 226801 111069
228150 228150 118323
229503 229503 118274
230860 230860 118227
232221 232221 118555
233586 233586 119299
234955 234955 117192
236328 236328 117558
237705 237705 120156
239086 239086 119837
240471 240471 116668
241860 241860 124698
243253 243253 121551
244650 244650 124742
246051 246051 128691
247456 247456 127499
248865 248865 130173
250278 250278 124145
251695 251695 122997
253116 253116 128379
254541 254541 127614
255970 255970 127839
257403 257403 128513
258840 258840 131459
260281 260281 122224
261726 261726 128378
263175 263175 137663
264628 264628 132677
266085 266085 134348
267546 267546 136467
269011 269011 133912
270480 270480 137825
271953 271953 136799
273430 273430 126208
274911 274911 138102
276396 276396 140581
277885 277885 141961
279378 279378 137615
280875 280875 137165
282376 282376 139284
283881 283881 143556
285390 285390 138787
286903 286903 146145
288420 288420 150603
289941 289941 141158
291466 291466 146855
292995 292995 150515
294528 294528 156925
296065 296065 148834
297606 297606 146086
299151 299151 143831
300700 300700 149815
302253 302253 154351
303810 303810 155729
305371 305371 157094
306936 306936 156861
308505 308505 158499
310078 310078 152808
311655 311655 162544
313236 313236 155846
314821 314821 158803
316410 316410 166074
318003 318003 157773
319600 319600 166378
321201 321201 159425
322806 322806 161770
324415 324415 168957
326028 326028 158376
327645 327645 172029
329266 329266 167223
330891 330891 161960
332520 332520 172208
334153 334153 165444
335790 335790 165428
337431 337431 167371
339076 339076 170678
340725 340725 175184
342378 342378 164423
344035 344035 172958
345696 345696 168224
347361 347361 171910
349030 349030 172298
350703 350703 183945
352380 352380 173989
354061 354061 176009
355746 355746 175931
357435 357435 175313
359128 359128 179257
360825 360825 174883
362526 362526 182275
364231 364231 179701
365940 365940 189268
367653 367653 188796
369370 369370 190840
371091 371091 186959
372816 372816 187659
374545 374545 186560
376278 376278 185196
378015 378015 190130
379756 379756 191311
381501 381501 188487
383250 383250 196712
385003 385003 195961
386760 386760 193034
388521 388521 199667
390286 390286 194949
392055 392055 190091
393828 393828 193265
395605 395605 203747
397386 397386 199621
399171 399171 197508
400960 400960 209197
402753 402753 201052
404550 404550 203180
406351 406351 199484
408156 408156 198767
409965 409965 204195
411778 411778 208437
413595 413595 213399
415416 415416 201469
417241 417241 209980
419070 419070 214413
420903 420903 214925
422740 422740 221051
424581 424581 209684
426426 426426 211709
428275 428275 212468
430128 430128 207634
431985 431985 219362
433846 433846 224316
435711 435711 217363
437580 437580 217714
439453 439453 221091
441330 441330 224904
443211 443211 221323
445096 445096 222648
446985 446985 217183
448878 448878 223358
450775 450775 220472
452676 452676 222130
454581 454581 247852
456490 456490 224136
458403 458403 230442
460320 460320 230063
462241 462241 235985
464166 464166 224818
466095 466095 238648
468028 468028 230651
469965 469965 229237
471906 471906 237419
473851 473851 235694
475800 475800 233957
477753 477753 237298
479710 479710 251491
481671 481671 242535
483636 483636 236245
485605 485605 242944
487578 487578 255685
489555 489555 244211
491536 491536 237915
493521 493521 248171
495510 495510 241817
497503 497503 247955
499500 499500 253988
501501 501501 241636
503506 503506 252741
505515 505515 252318
507528 507528 256158
509545 509545 249522
511566 511566 258316
513591 513591 248626
515620 515620 255816
517653 517653 258833
519690 519690 258781
521731 521731 251850
523776 523776 264935
