1 1 2
1 1 4
6 4 11
12 6 19
12 6 21
51 11 62
54 12 67
77 13 92
84 16 101
116 18 135
111 19 132
156 18 179
190 22 215
153 25 180
174 24 203
283 27 314
302 30 335
341 33 376
341 35 378
360 38 399
496 37 537
429 37 472
424 42 469
501 45 548
515 45 564
753 49 804
565 49 618
810 52 865
854 54 911
865 55 924
966 60 1027
956 58 1019
1115 61 1180
996 66 1063
1443 66 1512
1178 68 1249
1380 72 1453
1338 72 1413
1615 68 1692
1533 75 1612
1755 79 1836
1700 78 1783
1994 83 2079
1890 86 1977
1941 87 2030
2301 85 2392
2265 87 2358
2634 94 2729
2507 93 2604
2364 95 2463
2571 97 2672
2714 99 2817
2842 99 2947
2887 105 2994
3024 104 3133
3639 107 3750
3187 112 3300
3451 107 3566
3585 116 3702
3576 116 3695
4046 114 4167
3878 118 4001
4090 119 4215
4216 119 4343
4123 127 4252
4116 124 4247
4311 129 4444
4753 130 4888
4516 132 4653
4973 133 5112
4852 138 4993
5169 137 5312
5042 142 5187
5682 143 5829
5125 142 5274
5617 143 5768
5995 149 6148
5808 152 5963
6304 154 6461
5938 154 6097
6258 155 6419
6826 160 6989
6618 161 6783
6556 163 6723
6901 165 7070
7571 167 7742
8175 168 8348
8116 169 8291
8068 171 8245
8584 175 8763
8397 175 8578
8539 179 8722
8067 179 8252
9060 182 9247
8402 184 8591
8764 182 8955
9374 189 9567
9799 191 9994
9941 189 10138
9550 195 9749
10240 195 10441
9623 196 9826
11232 202 11437
11770 204 11977
10920 207 11129
11325 208 11536
11415 208 11628
11344 213 11559
11837 211 12054
11749 215 11968
12261 215 12482
13078 217 13301
11488 222 11713
13666 223 13893
12751 224 12980
13224 225 13455
14155 228 14388
13708 231 13943
12217 233 12454
13309 235 13548
15446 239 15687
15134 237 15377
15246 241 15491
15475 242 15722
17331 242 17580
14884 248 15135
16409 245 16662
16741 248 16996
16049 253 16306
16691 254 16950
17454 252 17715
16580 255 16843
16836 262 17101
18128 262 18395
19098 263 19367
19648 264 19919
17272 266 17545
18526 269 18801
19176 271 19453
18659 274 18938
19091 277 19372
21465 274 21748
19749 281 20034
21204 278 21491
21370 282 21659
22961 285 23252
22565 290 22858
20915 293 21210
20323 290 20620
22463 294 22762
22192 298 22493
22198 297 22501
22312 302 22617
24268 301 24575
24143 305 24452
25319 304 25630
25576 309 25889
25341 308 25656
24760 314 25077
27068 315 27387
25791 316 26112
25480 315 25803
27551 320 27876
27107 322 27434
27082 323 27411
27249 326 27580
28199 327 28532
26954 331 27289
29201 335 29538
30218 336 30557
27602 336 27943
27450 340 27793
29871 340 30216
30779 343 31126
31170 345 31519
30807 348 31158
30784 347 31137
32691 348 33046
30790 353 31147
31884 355 32243
32031 359 32392
33998 357 34361
33129 359 33494
33108 362 33475
35877 365 36246
36800 366 37171
37439 367 37812
35907 366 36282
31925 373 32302
35199 371 35578
39325 378 39706
34341 379 34724
36996 381 37381
37731 380 38118
39576 382 39965
38510 385 38901
39229 384 39622
40536 392 40931
40251 392 40648
39461 397 39860
39773 397 40174
39271 401 39674
39803 398 40208
42880 401 43287
43514 401 43923
41419 406 41830
40443 407 40856
41773 409 42188
47224 412 47641
45198 416 45617
45286 412 45707
44716 415 45139
44667 416 45092
45221 422 45648
45188 424 45617
45096 426 45527
46938 428 47371
48090 430 48525
47922 431 48359
49129 432 49568
47490 434 47931
48667 439 49110
49873 436 50318
50109 437 50556
48430 443 48879
52774 449 53225
54297 449 54750
51209 451 51664
52548 444 53005
53925 454 54384
51369 457 51830
52358 456 52821
53048 461 53513
50757 459 51224
55747 466 56216
55181 465 55652
55369 467 55842
57557 472 58032
54777 471 55254
56946 473 57425
58597 479 59078
54955 479 55438
59884 480 60369
59724 483 60211
59513 483 60002
61648 484 62139
60763 488 61256
62264 488 62759
59715 488 60212
63374 496 63873
66636 497 67137
64130 499 64633
65903 502 66408
67452 499 67959
62671 503 63180
65895 501 66406
65709 504 66222
66936 508 67451
67352 512 67869
64444 509 64963
64732 514 65253
70134 518 70657
70279 519 70804
69939 520 70466
67626 525 68155
70629 526 71160
74307 526 74840
71669 530 72204
72000 531 72537
71737 536 72276
72464 540 73005
72351 537 72894
73520 538 74065
73570 541 74117
75440 539 75989
78852 547 79403
78423 548 78976
77696 546 78251
77178 551 77735
80046 550 80605
77969 555 78530
79007 559 79570
82030 563 82595
81827 564 82394
80934 561 81503
84620 566 85191
79452 569 80025
89043 566 89618
79455 571 80032
82826 575 83405
82945 577 83526
84769 578 85352
86620 580 87205
87258 579 87845
87592 582 88181
86745 587 87336
87959 585 88552
86494 589 87089
92024 592 92621
91163 595 91762
88657 597 89258
87150 596 87753
90968 598 91573
91826 600 92433
92368 602 92977
93220 603 93831
92755 608 93368
90309 609 90924
99066 612 99683
91649 611 92268
93713 616 94334
98378 620 99001
99862 620 100487
100238 617 100865
98456 619 99085
104314 624 104945
97391 624 98024
102196 631 102831
104237 632 104874
103510 632 104149
105483 633 106124
107316 639 107959
104890 642 105535
107387 642 108034
106654 644 107303
101083 643 101734
111297 646 111950
103477 647 104132
110488 653 111145
112100 656 112759
106281 654 106942
105760 656 106423
109239 659 109904
110118 662 110785
117939 658 118608
111382 661 112053
110396 666 111069
117648 668 118323
117597 675 118274
117548 674 118227
117874 680 118555
118616 674 119299
116507 680 117192
116871 682 117558
119467 682 120156
119146 682 119837
115975 691 116668
124003 689 124698
120854 687 121551
124043 689 124742
127990 698 128691
126796 702 127499
129468 703 130173
123438 702 124145
122288 702 122997
127668 705 128379
126901 705 127614
127124 712 127839
127796 710 128513
130740 716 131459
121503 713 122224
127655 715 128378
136938 720 137663
131950 721 132677
133619 719 134348
135736 727 136467
133179 723 133912
137090 733 137825
136062 731 136799
125469 733 126208
137361 737 138102
139838 735 140581
141216 743 141961
136868 740 137615
136416 743 137165
138533 744 139284
142803 746 143556
138032 749 138787
145388 751 146145
149844 748 150603
140397 759 141158
146092 753 146855
149750 758 150515
156158 759 156925
148065 764 148834
145315 758 146086
143058 766 143831
149040 769 149815
153574 770 154351
154950 774 155729
156313 779 157094
156078 776 156861
157714 772 158499
152021 778 152808
161755 785 162544
155055 786 155846
158010 785 158803
165279 791 166074
156976 789 157773
165579 794 166378
158624 795 159425
160967 799 161770
168152 800 168957
157569 804 158376
171220 801 172029
166412 801 167223
161147 810 161960
171393 807 172208
164627 808 165444
164609 810 165428
166550 815 167371
169855 819 170678
174359 821 175184
163596 819 164423
172129 822 172958
167393 822 168224
171077 820 171910
171463 827 172298
183108 829 183945
173150 834 173989
175168 833 176009
175088 832 175931
174468 832 175313
178410 840 179257
174034 846 174883
181424 845 182275
178848 847 179701
188413 849 189268
187939 850 188796
189981 852 190840
186098 855 186959
186796 853 187659
185695 860 186560
184329 857 185196
189261 862 190130
190440 861 191311
187614 863 188487
195837 870 196712
195084 869 195961
192155 874 193034
198786 869 199667
194066 879 194949
189206 878 190091
192378 881 193265
202858 887 203747
198730 887 199621
196615 885 197508
208302 890 209197
200155 892 201052
202281 894 203180
198583 894 199484
197864 900 198767
203290 898 204195
207530 900 208437
212490 904 213399
200558 903 201469
209067 911 209980
213498 908 214413
214008 911 214925
220132 916 221051
208763 914 209684
210786 917 211709
211543 916 212468
206707 921 207634
218433 922 219362
223385 929 224316
216430 925 217363
216779 931 217714
220154 928 221091
223965 933 224904
220382 938 221323
221705 932 222648
216238 937 217183
222411 940 223358
219523 940 220472
221179 946 222130
246899 950 247852
223181 948 224136
229485 950 230442
229104 956 230063
235024 957 235985
223855 956 224818
237683 958 238648
229684 960 230651
228268 962 229237
236448 969 237419
234721 969 235694
232982 968 233957
236321 972 237298
250512 976 251491
241554 975 242535
235262 972 236245
241959 979 242944
254698 980 255685
243222 982 244211
236924 984 237915
247178 988 248171
240822 989 241817
246958 992 247955
252989 994 253988
240635 992 241636
251738 997 252741
251313 998 252318
255151 1004 256158
248513 1005 249522
257305 1002 258316
247613 1004 248626
254801 1008 255816
257816 1010 258833
257762 1008 258781
250829 1012 251850
263912 1019 264935
